Free HatHub:

Hand:
3822880197
1103003368
451220849
417457461
376524487
63690008
62724852
62234425
48474313
48474294

Naruto:
1103003368
451220849
376524487
63690008
62724852
62234425

Strong Stand:
6375710342
4246228452
3992084515
617605556
451220849
376527115
63690008
62724852
62234425
48474294

Hood Guy:
1103003368
617605556
451220849
63690008
62724852
62234425

PP:
4246228452
3992084515
63690008
62234425

Doll:
48474294
48474313
62234425
63690008
376524487
376548738
451220849
1772336109
3822880197
4637156063